(kicad_pcb (version 20171130) (host pcbnew 5.1.8+dfsg1-1~bpo10+1)

  (general
    (thickness 1.6)
    (drawings 4)
    (tracks 162)
    (zones 0)
    (modules 23)
    (nets 23)
  )

  (page A4)
  (layers
    (0 F.Cu signal)
    (31 B.Cu signal)
    (32 B.Adhes user)
    (33 F.Adhes user)
    (34 B.Paste user)
    (35 F.Paste user)
    (36 B.SilkS user)
    (37 F.SilkS user)
    (38 B.Mask user)
    (39 F.Mask user)
    (40 Dwgs.User user)
    (41 Cmts.User user)
    (42 Eco1.User user)
    (43 Eco2.User user)
    (44 Edge.Cuts user)
    (45 Margin user)
    (46 B.CrtYd user)
    (47 F.CrtYd user)
    (48 B.Fab user)
    (49 F.Fab user)
  )

  (setup
    (last_trace_width 0.25)
    (trace_clearance 0.2)
    (zone_clearance 0.508)
    (zone_45_only no)
    (trace_min 0.2)
    (via_size 0.8)
    (via_drill 0.4)
    (via_min_size 0.4)
    (via_min_drill 0.3)
    (uvia_size 0.3)
    (uvia_drill 0.1)
    (uvias_allowed no)
    (uvia_min_size 0.2)
    (uvia_min_drill 0.1)
    (edge_width 0.05)
    (segment_width 0.2)
    (pcb_text_width 0.3)
    (pcb_text_size 1.5 1.5)
    (mod_edge_width 0.12)
    (mod_text_size 1 1)
    (mod_text_width 0.15)
    (pad_size 1.524 1.524)
    (pad_drill 0.762)
    (pad_to_mask_clearance 0)
    (aux_axis_origin 0 0)
    (visible_elements FFFFFF7F)
    (pcbplotparams
      (layerselection 0x010fc_ffffffff)
      (usegerberextensions false)
      (usegerberattributes true)
      (usegerberadvancedattributes true)
      (creategerberjobfile true)
      (excludeedgelayer true)
      (linewidth 0.100000)
      (plotframeref false)
      (viasonmask false)
      (mode 1)
      (useauxorigin false)
      (hpglpennumber 1)
      (hpglpenspeed 20)
      (hpglpendiameter 15.000000)
      (psnegative false)
      (psa4output false)
      (plotreference true)
      (plotvalue true)
      (plotinvisibletext false)
      (padsonsilk false)
      (subtractmaskfromsilk false)
      (outputformat 1)
      (mirror false)
      (drillshape 1)
      (scaleselection 1)
      (outputdirectory ""))
  )

  (net 0 "")
  (net 1 Switch1)
  (net 2 Switch2)
  (net 3 Switch3)
  (net 4 GND)
  (net 5 VCC)
  (net 6 "Net-(D1-Pad2)")
  (net 7 "Net-(D1-Pad3)")
  (net 8 "Net-(D1-Pad4)")
  (net 9 "Net-(D2-Pad4)")
  (net 10 "Net-(D2-Pad3)")
  (net 11 "Net-(D2-Pad2)")
  (net 12 "Net-(R5-Pad1)")
  (net 13 SCL)
  (net 14 SDA)
  (net 15 "Net-(D3-Pad2)")
  (net 16 "Net-(D3-Pad3)")
  (net 17 "Net-(D3-Pad4)")
  (net 18 "Net-(D4-Pad4)")
  (net 19 "Net-(D4-Pad3)")
  (net 20 "Net-(D4-Pad2)")
  (net 21 "Net-(R6-Pad1)")
  (net 22 Switch4)

  (net_class Default "This is the default net class."
    (clearance 0.2)
    (trace_width 0.25)
    (via_dia 0.8)
    (via_drill 0.4)
    (uvia_dia 0.3)
    (uvia_drill 0.1)
    (add_net GND)
    (add_net "Net-(D1-Pad2)")
    (add_net "Net-(D1-Pad3)")
    (add_net "Net-(D1-Pad4)")
    (add_net "Net-(D2-Pad2)")
    (add_net "Net-(D2-Pad3)")
    (add_net "Net-(D2-Pad4)")
    (add_net "Net-(D3-Pad2)")
    (add_net "Net-(D3-Pad3)")
    (add_net "Net-(D3-Pad4)")
    (add_net "Net-(D4-Pad2)")
    (add_net "Net-(D4-Pad3)")
    (add_net "Net-(D4-Pad4)")
    (add_net "Net-(R5-Pad1)")
    (add_net "Net-(R6-Pad1)")
    (add_net SCL)
    (add_net SDA)
    (add_net Switch1)
    (add_net Switch2)
    (add_net Switch3)
    (add_net Switch4)
    (add_net VCC)
  )

  (module Button_Switch_Keyboard:SW_Cherry_MX_1.00u_PCB locked (layer B.Cu) (tedit 5A02FE24) (tstamp 5FADE00A)
    (at 115.57 57.15)
    (descr "Cherry MX keyswitch, 1.00u, PCB mount, http://cherryamericas.com/wp-content/uploads/2014/12/mx_cat.pdf")
    (tags "Cherry MX keyswitch 1.00u PCB")
    (path /5FADF5D5)
    (fp_text reference SW1 (at -2.54 2.794) (layer B.SilkS)
      (effects (font (size 1 1) (thickness 0.15)) (justify mirror))
    )
    (fp_text value SW_Push (at -2.54 -12.954) (layer B.Fab)
      (effects (font (size 1 1) (thickness 0.15)) (justify mirror))
    )
    (fp_text user %R (at -2.54 2.794) (layer B.Fab)
      (effects (font (size 1 1) (thickness 0.15)) (justify mirror))
    )
    (fp_line (start -8.89 1.27) (end 3.81 1.27) (layer B.Fab) (width 0.1))
    (fp_line (start 3.81 1.27) (end 3.81 -11.43) (layer B.Fab) (width 0.1))
    (fp_line (start 3.81 -11.43) (end -8.89 -11.43) (layer B.Fab) (width 0.1))
    (fp_line (start -8.89 -11.43) (end -8.89 1.27) (layer B.Fab) (width 0.1))
    (fp_line (start -9.14 -11.68) (end -9.14 1.52) (layer B.CrtYd) (width 0.05))
    (fp_line (start 4.06 -11.68) (end -9.14 -11.68) (layer B.CrtYd) (width 0.05))
    (fp_line (start 4.06 1.52) (end 4.06 -11.68) (layer B.CrtYd) (width 0.05))
    (fp_line (start -9.14 1.52) (end 4.06 1.52) (layer B.CrtYd) (width 0.05))
    (fp_line (start -12.065 4.445) (end 6.985 4.445) (layer Dwgs.User) (width 0.15))
    (fp_line (start 6.985 4.445) (end 6.985 -14.605) (layer Dwgs.User) (width 0.15))
    (fp_line (start 6.985 -14.605) (end -12.065 -14.605) (layer Dwgs.User) (width 0.15))
    (fp_line (start -12.065 -14.605) (end -12.065 4.445) (layer Dwgs.User) (width 0.15))
    (fp_line (start -9.525 1.905) (end 4.445 1.905) (layer B.SilkS) (width 0.12))
    (fp_line (start 4.445 1.905) (end 4.445 -12.065) (layer B.SilkS) (width 0.12))
    (fp_line (start 4.445 -12.065) (end -9.525 -12.065) (layer B.SilkS) (width 0.12))
    (fp_line (start -9.525 -12.065) (end -9.525 1.905) (layer B.SilkS) (width 0.12))
    (pad "" np_thru_hole circle (at 2.54 -5.08) (size 1.7 1.7) (drill 1.7) (layers *.Cu *.Mask))
    (pad "" np_thru_hole circle (at -7.62 -5.08) (size 1.7 1.7) (drill 1.7) (layers *.Cu *.Mask))
    (pad "" np_thru_hole circle (at -2.54 -5.08) (size 4 4) (drill 4) (layers *.Cu *.Mask))
    (pad 2 thru_hole circle (at -6.35 -2.54) (size 2.2 2.2) (drill 1.5) (layers *.Cu *.Mask)
      (net 5 VCC))
    (pad 1 thru_hole circle (at 0 0) (size 2.2 2.2) (drill 1.5) (layers *.Cu *.Mask)
      (net 1 Switch1))
    (model ${KISYS3DMOD}/Button_Switch_Keyboard.3dshapes/SW_Cherry_MX_1.00u_PCB.wrl
      (at (xyz 0 0 0))
      (scale (xyz 1 1 1))
      (rotate (xyz 0 0 0))
    )
  )

  (module Button_Switch_Keyboard:SW_Cherry_MX_1.00u_PCB locked (layer B.Cu) (tedit 5A02FE24) (tstamp 5FAD7020)
    (at 135.89 57.15)
    (descr "Cherry MX keyswitch, 1.00u, PCB mount, http://cherryamericas.com/wp-content/uploads/2014/12/mx_cat.pdf")
    (tags "Cherry MX keyswitch 1.00u PCB")
    (path /5FAE07D3)
    (fp_text reference SW2 (at -2.54 2.794) (layer B.SilkS)
      (effects (font (size 1 1) (thickness 0.15)) (justify mirror))
    )
    (fp_text value SW_Push (at -2.54 -12.954) (layer B.Fab)
      (effects (font (size 1 1) (thickness 0.15)) (justify mirror))
    )
    (fp_line (start -9.525 -12.065) (end -9.525 1.905) (layer B.SilkS) (width 0.12))
    (fp_line (start 4.445 -12.065) (end -9.525 -12.065) (layer B.SilkS) (width 0.12))
    (fp_line (start 4.445 1.905) (end 4.445 -12.065) (layer B.SilkS) (width 0.12))
    (fp_line (start -9.525 1.905) (end 4.445 1.905) (layer B.SilkS) (width 0.12))
    (fp_line (start -12.065 -14.605) (end -12.065 4.445) (layer Dwgs.User) (width 0.15))
    (fp_line (start 6.985 -14.605) (end -12.065 -14.605) (layer Dwgs.User) (width 0.15))
    (fp_line (start 6.985 4.445) (end 6.985 -14.605) (layer Dwgs.User) (width 0.15))
    (fp_line (start -12.065 4.445) (end 6.985 4.445) (layer Dwgs.User) (width 0.15))
    (fp_line (start -9.14 1.52) (end 4.06 1.52) (layer B.CrtYd) (width 0.05))
    (fp_line (start 4.06 1.52) (end 4.06 -11.68) (layer B.CrtYd) (width 0.05))
    (fp_line (start 4.06 -11.68) (end -9.14 -11.68) (layer B.CrtYd) (width 0.05))
    (fp_line (start -9.14 -11.68) (end -9.14 1.52) (layer B.CrtYd) (width 0.05))
    (fp_line (start -8.89 -11.43) (end -8.89 1.27) (layer B.Fab) (width 0.1))
    (fp_line (start 3.81 -11.43) (end -8.89 -11.43) (layer B.Fab) (width 0.1))
    (fp_line (start 3.81 1.27) (end 3.81 -11.43) (layer B.Fab) (width 0.1))
    (fp_line (start -8.89 1.27) (end 3.81 1.27) (layer B.Fab) (width 0.1))
    (fp_text user %R (at -2.54 2.794) (layer B.Fab)
      (effects (font (size 1 1) (thickness 0.15)) (justify mirror))
    )
    (pad 1 thru_hole circle (at 0 0) (size 2.2 2.2) (drill 1.5) (layers *.Cu *.Mask)
      (net 2 Switch2))
    (pad 2 thru_hole circle (at -6.35 -2.54) (size 2.2 2.2) (drill 1.5) (layers *.Cu *.Mask)
      (net 5 VCC))
    (pad "" np_thru_hole circle (at -2.54 -5.08) (size 4 4) (drill 4) (layers *.Cu *.Mask))
    (pad "" np_thru_hole circle (at -7.62 -5.08) (size 1.7 1.7) (drill 1.7) (layers *.Cu *.Mask))
    (pad "" np_thru_hole circle (at 2.54 -5.08) (size 1.7 1.7) (drill 1.7) (layers *.Cu *.Mask))
    (model ${KISYS3DMOD}/Button_Switch_Keyboard.3dshapes/SW_Cherry_MX_1.00u_PCB.wrl
      (at (xyz 0 0 0))
      (scale (xyz 1 1 1))
      (rotate (xyz 0 0 0))
    )
  )

  (module Button_Switch_Keyboard:SW_Cherry_MX_1.00u_PCB locked (layer B.Cu) (tedit 5A02FE24) (tstamp 5FAD7006)
    (at 115.57 57.15)
    (descr "Cherry MX keyswitch, 1.00u, PCB mount, http://cherryamericas.com/wp-content/uploads/2014/12/mx_cat.pdf")
    (tags "Cherry MX keyswitch 1.00u PCB")
    (path /5FADF5D5)
    (fp_text reference SW1 (at -2.54 2.794) (layer B.SilkS)
      (effects (font (size 1 1) (thickness 0.15)) (justify mirror))
    )
    (fp_text value SW_Push (at -2.54 -12.954) (layer B.Fab)
      (effects (font (size 1 1) (thickness 0.15)) (justify mirror))
    )
    (fp_line (start -9.525 -12.065) (end -9.525 1.905) (layer B.SilkS) (width 0.12))
    (fp_line (start 4.445 -12.065) (end -9.525 -12.065) (layer B.SilkS) (width 0.12))
    (fp_line (start 4.445 1.905) (end 4.445 -12.065) (layer B.SilkS) (width 0.12))
    (fp_line (start -9.525 1.905) (end 4.445 1.905) (layer B.SilkS) (width 0.12))
    (fp_line (start -12.065 -14.605) (end -12.065 4.445) (layer Dwgs.User) (width 0.15))
    (fp_line (start 6.985 -14.605) (end -12.065 -14.605) (layer Dwgs.User) (width 0.15))
    (fp_line (start 6.985 4.445) (end 6.985 -14.605) (layer Dwgs.User) (width 0.15))
    (fp_line (start -12.065 4.445) (end 6.985 4.445) (layer Dwgs.User) (width 0.15))
    (fp_line (start -9.14 1.52) (end 4.06 1.52) (layer B.CrtYd) (width 0.05))
    (fp_line (start 4.06 1.52) (end 4.06 -11.68) (layer B.CrtYd) (width 0.05))
    (fp_line (start 4.06 -11.68) (end -9.14 -11.68) (layer B.CrtYd) (width 0.05))
    (fp_line (start -9.14 -11.68) (end -9.14 1.52) (layer B.CrtYd) (width 0.05))
    (fp_line (start -8.89 -11.43) (end -8.89 1.27) (layer B.Fab) (width 0.1))
    (fp_line (start 3.81 -11.43) (end -8.89 -11.43) (layer B.Fab) (width 0.1))
    (fp_line (start 3.81 1.27) (end 3.81 -11.43) (layer B.Fab) (width 0.1))
    (fp_line (start -8.89 1.27) (end 3.81 1.27) (layer B.Fab) (width 0.1))
    (fp_text user %R (at -2.54 2.794) (layer B.Fab)
      (effects (font (size 1 1) (thickness 0.15)) (justify mirror))
    )
    (pad 1 thru_hole circle (at 0 0) (size 2.2 2.2) (drill 1.5) (layers *.Cu *.Mask)
      (net 1 Switch1))
    (pad 2 thru_hole circle (at -6.35 -2.54) (size 2.2 2.2) (drill 1.5) (layers *.Cu *.Mask)
      (net 5 VCC))
    (pad "" np_thru_hole circle (at -2.54 -5.08) (size 4 4) (drill 4) (layers *.Cu *.Mask))
    (pad "" np_thru_hole circle (at -7.62 -5.08) (size 1.7 1.7) (drill 1.7) (layers *.Cu *.Mask))
    (pad "" np_thru_hole circle (at 2.54 -5.08) (size 1.7 1.7) (drill 1.7) (layers *.Cu *.Mask))
    (model ${KISYS3DMOD}/Button_Switch_Keyboard.3dshapes/SW_Cherry_MX_1.00u_PCB.wrl
      (at (xyz 0 0 0))
      (scale (xyz 1 1 1))
      (rotate (xyz 0 0 0))
    )
  )

  (module Button_Switch_Keyboard:SW_Cherry_MX_1.00u_PCB locked (layer B.Cu) (tedit 5A02FE24) (tstamp 5FAD703A)
    (at 156.21 57.15)
    (descr "Cherry MX keyswitch, 1.00u, PCB mount, http://cherryamericas.com/wp-content/uploads/2014/12/mx_cat.pdf")
    (tags "Cherry MX keyswitch 1.00u PCB")
    (path /5FAE0AC7)
    (fp_text reference SW3 (at -2.54 2.794) (layer B.SilkS)
      (effects (font (size 1 1) (thickness 0.15)) (justify mirror))
    )
    (fp_text value SW_Push (at -2.54 -12.954) (layer B.Fab)
      (effects (font (size 1 1) (thickness 0.15)) (justify mirror))
    )
    (fp_line (start -8.89 1.27) (end 3.81 1.27) (layer B.Fab) (width 0.1))
    (fp_line (start 3.81 1.27) (end 3.81 -11.43) (layer B.Fab) (width 0.1))
    (fp_line (start 3.81 -11.43) (end -8.89 -11.43) (layer B.Fab) (width 0.1))
    (fp_line (start -8.89 -11.43) (end -8.89 1.27) (layer B.Fab) (width 0.1))
    (fp_line (start -9.14 -11.68) (end -9.14 1.52) (layer B.CrtYd) (width 0.05))
    (fp_line (start 4.06 -11.68) (end -9.14 -11.68) (layer B.CrtYd) (width 0.05))
    (fp_line (start 4.06 1.52) (end 4.06 -11.68) (layer B.CrtYd) (width 0.05))
    (fp_line (start -9.14 1.52) (end 4.06 1.52) (layer B.CrtYd) (width 0.05))
    (fp_line (start -12.065 4.445) (end 6.985 4.445) (layer Dwgs.User) (width 0.15))
    (fp_line (start 6.985 4.445) (end 6.985 -14.605) (layer Dwgs.User) (width 0.15))
    (fp_line (start 6.985 -14.605) (end -12.065 -14.605) (layer Dwgs.User) (width 0.15))
    (fp_line (start -12.065 -14.605) (end -12.065 4.445) (layer Dwgs.User) (width 0.15))
    (fp_line (start -9.525 1.905) (end 4.445 1.905) (layer B.SilkS) (width 0.12))
    (fp_line (start 4.445 1.905) (end 4.445 -12.065) (layer B.SilkS) (width 0.12))
    (fp_line (start 4.445 -12.065) (end -9.525 -12.065) (layer B.SilkS) (width 0.12))
    (fp_line (start -9.525 -12.065) (end -9.525 1.905) (layer B.SilkS) (width 0.12))
    (fp_text user %R (at -2.54 2.794) (layer B.Fab)
      (effects (font (size 1 1) (thickness 0.15)) (justify mirror))
    )
    (pad "" np_thru_hole circle (at 2.54 -5.08) (size 1.7 1.7) (drill 1.7) (layers *.Cu *.Mask))
    (pad "" np_thru_hole circle (at -7.62 -5.08) (size 1.7 1.7) (drill 1.7) (layers *.Cu *.Mask))
    (pad "" np_thru_hole circle (at -2.54 -5.08) (size 4 4) (drill 4) (layers *.Cu *.Mask))
    (pad 2 thru_hole circle (at -6.35 -2.54) (size 2.2 2.2) (drill 1.5) (layers *.Cu *.Mask)
      (net 5 VCC))
    (pad 1 thru_hole circle (at 0 0) (size 2.2 2.2) (drill 1.5) (layers *.Cu *.Mask)
      (net 3 Switch3))
    (model ${KISYS3DMOD}/Button_Switch_Keyboard.3dshapes/SW_Cherry_MX_1.00u_PCB.wrl
      (at (xyz 0 0 0))
      (scale (xyz 1 1 1))
      (rotate (xyz 0 0 0))
    )
  )

  (module Button_Switch_Keyboard:SW_Cherry_MX_1.00u_PCB locked (layer B.Cu) (tedit 5A02FE24) (tstamp 5FAD7054)
    (at 176.53 57.15)
    (descr "Cherry MX keyswitch, 1.00u, PCB mount, http://cherryamericas.com/wp-content/uploads/2014/12/mx_cat.pdf")
    (tags "Cherry MX keyswitch 1.00u PCB")
    (path /5FAE0E9C)
    (fp_text reference SW4 (at -2.54 2.794) (layer B.SilkS)
      (effects (font (size 1 1) (thickness 0.15)) (justify mirror))
    )
    (fp_text value SW_Push (at -2.54 -12.954) (layer B.Fab)
      (effects (font (size 1 1) (thickness 0.15)) (justify mirror))
    )
    (fp_line (start -8.89 1.27) (end 3.81 1.27) (layer B.Fab) (width 0.1))
    (fp_line (start 3.81 1.27) (end 3.81 -11.43) (layer B.Fab) (width 0.1))
    (fp_line (start 3.81 -11.43) (end -8.89 -11.43) (layer B.Fab) (width 0.1))
    (fp_line (start -8.89 -11.43) (end -8.89 1.27) (layer B.Fab) (width 0.1))
    (fp_line (start -9.14 -11.68) (end -9.14 1.52) (layer B.CrtYd) (width 0.05))
    (fp_line (start 4.06 -11.68) (end -9.14 -11.68) (layer B.CrtYd) (width 0.05))
    (fp_line (start 4.06 1.52) (end 4.06 -11.68) (layer B.CrtYd) (width 0.05))
    (fp_line (start -9.14 1.52) (end 4.06 1.52) (layer B.CrtYd) (width 0.05))
    (fp_line (start -12.065 4.445) (end 6.985 4.445) (layer Dwgs.User) (width 0.15))
    (fp_line (start 6.985 4.445) (end 6.985 -14.605) (layer Dwgs.User) (width 0.15))
    (fp_line (start 6.985 -14.605) (end -12.065 -14.605) (layer Dwgs.User) (width 0.15))
    (fp_line (start -12.065 -14.605) (end -12.065 4.445) (layer Dwgs.User) (width 0.15))
    (fp_line (start -9.525 1.905) (end 4.445 1.905) (layer B.SilkS) (width 0.12))
    (fp_line (start 4.445 1.905) (end 4.445 -12.065) (layer B.SilkS) (width 0.12))
    (fp_line (start 4.445 -12.065) (end -9.525 -12.065) (layer B.SilkS) (width 0.12))
    (fp_line (start -9.525 -12.065) (end -9.525 1.905) (layer B.SilkS) (width 0.12))
    (fp_text user %R (at -2.54 2.794) (layer B.Fab)
      (effects (font (size 1 1) (thickness 0.15)) (justify mirror))
    )
    (pad "" np_thru_hole circle (at 2.54 -5.08) (size 1.7 1.7) (drill 1.7) (layers *.Cu *.Mask))
    (pad "" np_thru_hole circle (at -7.62 -5.08) (size 1.7 1.7) (drill 1.7) (layers *.Cu *.Mask))
    (pad "" np_thru_hole circle (at -2.54 -5.08) (size 4 4) (drill 4) (layers *.Cu *.Mask))
    (pad 2 thru_hole circle (at -6.35 -2.54) (size 2.2 2.2) (drill 1.5) (layers *.Cu *.Mask)
      (net 5 VCC))
    (pad 1 thru_hole circle (at 0 0) (size 2.2 2.2) (drill 1.5) (layers *.Cu *.Mask)
      (net 22 Switch4))
    (model ${KISYS3DMOD}/Button_Switch_Keyboard.3dshapes/SW_Cherry_MX_1.00u_PCB.wrl
      (at (xyz 0 0 0))
      (scale (xyz 1 1 1))
      (rotate (xyz 0 0 0))
    )
  )

  (module Capacitor_SMD:C_0603_1608Metric_Pad1.08x0.95mm_HandSolder (layer F.Cu) (tedit 5F68FEEF) (tstamp 5FAD967B)
    (at 121.0575 53.975 180)
    (descr "Capacitor SMD 0603 (1608 Metric), square (rectangular) end terminal, IPC_7351 nominal with elongated pad for handsoldering. (Body size source: IPC-SM-782 page 76, https://www.pcb-3d.com/wordpress/wp-content/uploads/ipc-sm-782a_amendment_1_and_2.pdf), generated with kicad-footprint-generator")
    (tags "capacitor handsolder")
    (path /5FAE3E07)
    (attr smd)
    (fp_text reference C1 (at 0 -1.43) (layer F.SilkS)
      (effects (font (size 1 1) (thickness 0.15)))
    )
    (fp_text value 100n (at 0 1.43) (layer F.Fab)
      (effects (font (size 1 1) (thickness 0.15)))
    )
    (fp_line (start -0.8 0.4) (end -0.8 -0.4) (layer F.Fab) (width 0.1))
    (fp_line (start -0.8 -0.4) (end 0.8 -0.4) (layer F.Fab) (width 0.1))
    (fp_line (start 0.8 -0.4) (end 0.8 0.4) (layer F.Fab) (width 0.1))
    (fp_line (start 0.8 0.4) (end -0.8 0.4) (layer F.Fab) (width 0.1))
    (fp_line (start -0.146267 -0.51) (end 0.146267 -0.51) (layer F.SilkS) (width 0.12))
    (fp_line (start -0.146267 0.51) (end 0.146267 0.51) (layer F.SilkS) (width 0.12))
    (fp_line (start -1.65 0.73) (end -1.65 -0.73) (layer F.CrtYd) (width 0.05))
    (fp_line (start -1.65 -0.73) (end 1.65 -0.73) (layer F.CrtYd) (width 0.05))
    (fp_line (start 1.65 -0.73) (end 1.65 0.73) (layer F.CrtYd) (width 0.05))
    (fp_line (start 1.65 0.73) (end -1.65 0.73) (layer F.CrtYd) (width 0.05))
    (fp_text user %R (at 0 0 90) (layer F.Fab)
      (effects (font (size 0.4 0.4) (thickness 0.06)))
    )
    (pad 1 smd roundrect (at -0.8625 0 180) (size 1.075 0.95) (layers F.Cu F.Paste F.Mask) (roundrect_rratio 0.25)
      (net 5 VCC))
    (pad 2 smd roundrect (at 0.8625 0 180) (size 1.075 0.95) (layers F.Cu F.Paste F.Mask) (roundrect_rratio 0.25)
      (net 4 GND))
    (model ${KISYS3DMOD}/Capacitor_SMD.3dshapes/C_0603_1608Metric.wrl
      (at (xyz 0 0 0))
      (scale (xyz 1 1 1))
      (rotate (xyz 0 0 0))
    )
  )

  (module LED_SMD:LED_ASMB-KTF0-0A306 (layer B.Cu) (tedit 5E73B69F) (tstamp 5FAD94A9)
    (at 113.295 47.66)
    (descr "2220 Tricolor PLCC-4 LED, https://docs.broadcom.com/docs/ASMB-KTF0-0A306-DS100")
    (tags "Tricolor LED")
    (path /5FB543EE)
    (attr smd)
    (fp_text reference D1 (at -2.805 -0.035) (layer B.SilkS)
      (effects (font (size 1 1) (thickness 0.15)) (justify mirror))
    )
    (fp_text value LED_ARGB (at 0 2) (layer B.Fab)
      (effects (font (size 1 1) (thickness 0.15)) (justify mirror))
    )
    (fp_line (start -1.1 0.5) (end -0.6 1) (layer B.Fab) (width 0.1))
    (fp_line (start -1.1 1) (end -1.1 -1) (layer B.Fab) (width 0.1))
    (fp_line (start -1.1 -1) (end 1.1 -1) (layer B.Fab) (width 0.1))
    (fp_line (start 1.1 -1) (end 1.1 1) (layer B.Fab) (width 0.1))
    (fp_line (start 1.1 1) (end -1.1 1) (layer B.Fab) (width 0.1))
    (fp_line (start -1.55 1.2) (end -1.55 0.54) (layer B.SilkS) (width 0.12))
    (fp_line (start -1.55 1.2) (end 1.43 1.2) (layer B.SilkS) (width 0.12))
    (fp_line (start -1.45 -1.2) (end 1.45 -1.2) (layer B.SilkS) (width 0.12))
    (fp_line (start -1.6 1.25) (end 1.6 1.25) (layer B.CrtYd) (width 0.05))
    (fp_line (start -1.6 1.25) (end -1.6 -1.25) (layer B.CrtYd) (width 0.05))
    (fp_line (start 1.6 -1.25) (end 1.6 1.25) (layer B.CrtYd) (width 0.05))
    (fp_line (start 1.6 -1.25) (end -1.6 -1.25) (layer B.CrtYd) (width 0.05))
    (fp_text user %R (at 0 -2.25) (layer B.Fab)
      (effects (font (size 1 1) (thickness 0.15)) (justify mirror))
    )
    (pad 1 smd rect (at -0.9 0.6) (size 0.9 0.8) (layers B.Cu B.Paste B.Mask)
      (net 5 VCC))
    (pad 2 smd rect (at -0.9 -0.6) (size 0.9 0.8) (layers B.Cu B.Paste B.Mask)
      (net 6 "Net-(D1-Pad2)"))
    (pad 3 smd rect (at 0.9 -0.6) (size 0.9 0.8) (layers B.Cu B.Paste B.Mask)
      (net 7 "Net-(D1-Pad3)"))
    (pad 4 smd rect (at 0.9 0.6) (size 0.9 0.8) (layers B.Cu B.Paste B.Mask)
      (net 8 "Net-(D1-Pad4)"))
    (model ${KISYS3DMOD}/LED_SMD.3dshapes/LED_ASMB-KTF0-0A306.wrl
      (at (xyz 0 0 0))
      (scale (xyz 1 1 1))
      (rotate (xyz 0 0 0))
    )
  )

  (module LED_SMD:LED_ASMB-KTF0-0A306 (layer B.Cu) (tedit 5E73B69F) (tstamp 5FAD94BE)
    (at 133.085 47.66)
    (descr "2220 Tricolor PLCC-4 LED, https://docs.broadcom.com/docs/ASMB-KTF0-0A306-DS100")
    (tags "Tricolor LED")
    (path /5FB5651C)
    (attr smd)
    (fp_text reference D2 (at -2.91 -0.035) (layer B.SilkS)
      (effects (font (size 1 1) (thickness 0.15)) (justify mirror))
    )
    (fp_text value LED_ARGB (at 0 2) (layer B.Fab)
      (effects (font (size 1 1) (thickness 0.15)) (justify mirror))
    )
    (fp_line (start 1.6 -1.25) (end -1.6 -1.25) (layer B.CrtYd) (width 0.05))
    (fp_line (start 1.6 -1.25) (end 1.6 1.25) (layer B.CrtYd) (width 0.05))
    (fp_line (start -1.6 1.25) (end -1.6 -1.25) (layer B.CrtYd) (width 0.05))
    (fp_line (start -1.6 1.25) (end 1.6 1.25) (layer B.CrtYd) (width 0.05))
    (fp_line (start -1.45 -1.2) (end 1.45 -1.2) (layer B.SilkS) (width 0.12))
    (fp_line (start -1.55 1.2) (end 1.43 1.2) (layer B.SilkS) (width 0.12))
    (fp_line (start -1.55 1.2) (end -1.55 0.54) (layer B.SilkS) (width 0.12))
    (fp_line (start 1.1 1) (end -1.1 1) (layer B.Fab) (width 0.1))
    (fp_line (start 1.1 -1) (end 1.1 1) (layer B.Fab) (width 0.1))
    (fp_line (start -1.1 -1) (end 1.1 -1) (layer B.Fab) (width 0.1))
    (fp_line (start -1.1 1) (end -1.1 -1) (layer B.Fab) (width 0.1))
    (fp_line (start -1.1 0.5) (end -0.6 1) (layer B.Fab) (width 0.1))
    (fp_text user %R (at 0 -2.25) (layer B.Fab)
      (effects (font (size 1 1) (thickness 0.15)) (justify mirror))
    )
    (pad 4 smd rect (at 0.9 0.6) (size 0.9 0.8) (layers B.Cu B.Paste B.Mask)
      (net 9 "Net-(D2-Pad4)"))
    (pad 3 smd rect (at 0.9 -0.6) (size 0.9 0.8) (layers B.Cu B.Paste B.Mask)
      (net 10 "Net-(D2-Pad3)"))
    (pad 2 smd rect (at -0.9 -0.6) (size 0.9 0.8) (layers B.Cu B.Paste B.Mask)
      (net 11 "Net-(D2-Pad2)"))
    (pad 1 smd rect (at -0.9 0.6) (size 0.9 0.8) (layers B.Cu B.Paste B.Mask)
      (net 5 VCC))
    (model ${KISYS3DMOD}/LED_SMD.3dshapes/LED_ASMB-KTF0-0A306.wrl
      (at (xyz 0 0 0))
      (scale (xyz 1 1 1))
      (rotate (xyz 0 0 0))
    )
  )

  (module Resistor_SMD:R_0603_1608Metric_Pad0.98x0.95mm_HandSolder (layer F.Cu) (tedit 5F68FEEE) (tstamp 5FADA751)
    (at 119.1025 57.15 180)
    (descr "Resistor SMD 0603 (1608 Metric), square (rectangular) end terminal, IPC_7351 nominal with elongated pad for handsoldering. (Body size source: IPC-SM-782 page 72, https://www.pcb-3d.com/wordpress/wp-content/uploads/ipc-sm-782a_amendment_1_and_2.pdf), generated with kicad-footprint-generator")
    (tags "resistor handsolder")
    (path /5FADB9E3)
    (attr smd)
    (fp_text reference R1 (at 0 -1.43) (layer F.SilkS)
      (effects (font (size 1 1) (thickness 0.15)))
    )
    (fp_text value 4k7 (at 0 1.43) (layer F.Fab)
      (effects (font (size 1 1) (thickness 0.15)))
    )
    (fp_line (start -0.8 0.4125) (end -0.8 -0.4125) (layer F.Fab) (width 0.1))
    (fp_line (start -0.8 -0.4125) (end 0.8 -0.4125) (layer F.Fab) (width 0.1))
    (fp_line (start 0.8 -0.4125) (end 0.8 0.4125) (layer F.Fab) (width 0.1))
    (fp_line (start 0.8 0.4125) (end -0.8 0.4125) (layer F.Fab) (width 0.1))
    (fp_line (start -0.254724 -0.5225) (end 0.254724 -0.5225) (layer F.SilkS) (width 0.12))
    (fp_line (start -0.254724 0.5225) (end 0.254724 0.5225) (layer F.SilkS) (width 0.12))
    (fp_line (start -1.65 0.73) (end -1.65 -0.73) (layer F.CrtYd) (width 0.05))
    (fp_line (start -1.65 -0.73) (end 1.65 -0.73) (layer F.CrtYd) (width 0.05))
    (fp_line (start 1.65 -0.73) (end 1.65 0.73) (layer F.CrtYd) (width 0.05))
    (fp_line (start 1.65 0.73) (end -1.65 0.73) (layer F.CrtYd) (width 0.05))
    (fp_text user %R (at 0 0) (layer F.Fab)
      (effects (font (size 0.4 0.4) (thickness 0.06)))
    )
    (pad 1 smd roundrect (at -0.9125 0 180) (size 0.975 0.95) (layers F.Cu F.Paste F.Mask) (roundrect_rratio 0.25)
      (net 4 GND))
    (pad 2 smd roundrect (at 0.9125 0 180) (size 0.975 0.95) (layers F.Cu F.Paste F.Mask) (roundrect_rratio 0.25)
      (net 1 Switch1))
    (model ${KISYS3DMOD}/Resistor_SMD.3dshapes/R_0603_1608Metric.wrl
      (at (xyz 0 0 0))
      (scale (xyz 1 1 1))
      (rotate (xyz 0 0 0))
    )
  )

  (module Resistor_SMD:R_0603_1608Metric_Pad0.98x0.95mm_HandSolder (layer F.Cu) (tedit 5F68FEEE) (tstamp 5FAD94E0)
    (at 139.3425 57.15 180)
    (descr "Resistor SMD 0603 (1608 Metric), square (rectangular) end terminal, IPC_7351 nominal with elongated pad for handsoldering. (Body size source: IPC-SM-782 page 72, https://www.pcb-3d.com/wordpress/wp-content/uploads/ipc-sm-782a_amendment_1_and_2.pdf), generated with kicad-footprint-generator")
    (tags "resistor handsolder")
    (path /5FADC3CF)
    (attr smd)
    (fp_text reference R2 (at 0 -1.43) (layer F.SilkS)
      (effects (font (size 1 1) (thickness 0.15)))
    )
    (fp_text value 4k7 (at 0 1.43 180) (layer F.Fab)
      (effects (font (size 1 1) (thickness 0.15)))
    )
    (fp_line (start 1.65 0.73) (end -1.65 0.73) (layer F.CrtYd) (width 0.05))
    (fp_line (start 1.65 -0.73) (end 1.65 0.73) (layer F.CrtYd) (width 0.05))
    (fp_line (start -1.65 -0.73) (end 1.65 -0.73) (layer F.CrtYd) (width 0.05))
    (fp_line (start -1.65 0.73) (end -1.65 -0.73) (layer F.CrtYd) (width 0.05))
    (fp_line (start -0.254724 0.5225) (end 0.254724 0.5225) (layer F.SilkS) (width 0.12))
    (fp_line (start -0.254724 -0.5225) (end 0.254724 -0.5225) (layer F.SilkS) (width 0.12))
    (fp_line (start 0.8 0.4125) (end -0.8 0.4125) (layer F.Fab) (width 0.1))
    (fp_line (start 0.8 -0.4125) (end 0.8 0.4125) (layer F.Fab) (width 0.1))
    (fp_line (start -0.8 -0.4125) (end 0.8 -0.4125) (layer F.Fab) (width 0.1))
    (fp_line (start -0.8 0.4125) (end -0.8 -0.4125) (layer F.Fab) (width 0.1))
    (fp_text user %R (at 0 0) (layer F.Fab)
      (effects (font (size 0.4 0.4) (thickness 0.06)))
    )
    (pad 2 smd roundrect (at 0.9125 0 180) (size 0.975 0.95) (layers F.Cu F.Paste F.Mask) (roundrect_rratio 0.25)
      (net 2 Switch2))
    (pad 1 smd roundrect (at -0.9125 0 180) (size 0.975 0.95) (layers F.Cu F.Paste F.Mask) (roundrect_rratio 0.25)
      (net 4 GND))
    (model ${KISYS3DMOD}/Resistor_SMD.3dshapes/R_0603_1608Metric.wrl
      (at (xyz 0 0 0))
      (scale (xyz 1 1 1))
      (rotate (xyz 0 0 0))
    )
  )

  (module Resistor_SMD:R_0603_1608Metric_Pad0.98x0.95mm_HandSolder (layer F.Cu) (tedit 5F68FEEE) (tstamp 5FAD99F0)
    (at 160.2975 57.15 180)
    (descr "Resistor SMD 0603 (1608 Metric), square (rectangular) end terminal, IPC_7351 nominal with elongated pad for handsoldering. (Body size source: IPC-SM-782 page 72, https://www.pcb-3d.com/wordpress/wp-content/uploads/ipc-sm-782a_amendment_1_and_2.pdf), generated with kicad-footprint-generator")
    (tags "resistor handsolder")
    (path /5FADC763)
    (attr smd)
    (fp_text reference R3 (at 0 -1.43 180) (layer F.SilkS)
      (effects (font (size 1 1) (thickness 0.15)))
    )
    (fp_text value 4k7 (at 0 1.43) (layer F.Fab)
      (effects (font (size 1 1) (thickness 0.15)))
    )
    (fp_line (start -0.8 0.4125) (end -0.8 -0.4125) (layer F.Fab) (width 0.1))
    (fp_line (start -0.8 -0.4125) (end 0.8 -0.4125) (layer F.Fab) (width 0.1))
    (fp_line (start 0.8 -0.4125) (end 0.8 0.4125) (layer F.Fab) (width 0.1))
    (fp_line (start 0.8 0.4125) (end -0.8 0.4125) (layer F.Fab) (width 0.1))
    (fp_line (start -0.254724 -0.5225) (end 0.254724 -0.5225) (layer F.SilkS) (width 0.12))
    (fp_line (start -0.254724 0.5225) (end 0.254724 0.5225) (layer F.SilkS) (width 0.12))
    (fp_line (start -1.65 0.73) (end -1.65 -0.73) (layer F.CrtYd) (width 0.05))
    (fp_line (start -1.65 -0.73) (end 1.65 -0.73) (layer F.CrtYd) (width 0.05))
    (fp_line (start 1.65 -0.73) (end 1.65 0.73) (layer F.CrtYd) (width 0.05))
    (fp_line (start 1.65 0.73) (end -1.65 0.73) (layer F.CrtYd) (width 0.05))
    (fp_text user %R (at 0 0) (layer F.Fab)
      (effects (font (size 0.4 0.4) (thickness 0.06)))
    )
    (pad 1 smd roundrect (at -0.9125 0 180) (size 0.975 0.95) (layers F.Cu F.Paste F.Mask) (roundrect_rratio 0.25)
      (net 4 GND))
    (pad 2 smd roundrect (at 0.9125 0 180) (size 0.975 0.95) (layers F.Cu F.Paste F.Mask) (roundrect_rratio 0.25)
      (net 3 Switch3))
    (model ${KISYS3DMOD}/Resistor_SMD.3dshapes/R_0603_1608Metric.wrl
      (at (xyz 0 0 0))
      (scale (xyz 1 1 1))
      (rotate (xyz 0 0 0))
    )
  )

  (module Resistor_SMD:R_0603_1608Metric_Pad0.98x0.95mm_HandSolder (layer F.Cu) (tedit 5F68FEEE) (tstamp 5FAD9502)
    (at 180.0625 57.15 180)
    (descr "Resistor SMD 0603 (1608 Metric), square (rectangular) end terminal, IPC_7351 nominal with elongated pad for handsoldering. (Body size source: IPC-SM-782 page 72, https://www.pcb-3d.com/wordpress/wp-content/uploads/ipc-sm-782a_amendment_1_and_2.pdf), generated with kicad-footprint-generator")
    (tags "resistor handsolder")
    (path /5FADC9DC)
    (attr smd)
    (fp_text reference R4 (at 0 -1.43) (layer F.SilkS)
      (effects (font (size 1 1) (thickness 0.15)))
    )
    (fp_text value 4k7 (at 0 1.43) (layer F.Fab)
      (effects (font (size 1 1) (thickness 0.15)))
    )
    (fp_line (start 1.65 0.73) (end -1.65 0.73) (layer F.CrtYd) (width 0.05))
    (fp_line (start 1.65 -0.73) (end 1.65 0.73) (layer F.CrtYd) (width 0.05))
    (fp_line (start -1.65 -0.73) (end 1.65 -0.73) (layer F.CrtYd) (width 0.05))
    (fp_line (start -1.65 0.73) (end -1.65 -0.73) (layer F.CrtYd) (width 0.05))
    (fp_line (start -0.254724 0.5225) (end 0.254724 0.5225) (layer F.SilkS) (width 0.12))
    (fp_line (start -0.254724 -0.5225) (end 0.254724 -0.5225) (layer F.SilkS) (width 0.12))
    (fp_line (start 0.8 0.4125) (end -0.8 0.4125) (layer F.Fab) (width 0.1))
    (fp_line (start 0.8 -0.4125) (end 0.8 0.4125) (layer F.Fab) (width 0.1))
    (fp_line (start -0.8 -0.4125) (end 0.8 -0.4125) (layer F.Fab) (width 0.1))
    (fp_line (start -0.8 0.4125) (end -0.8 -0.4125) (layer F.Fab) (width 0.1))
    (fp_text user %R (at 0 0) (layer F.Fab)
      (effects (font (size 0.4 0.4) (thickness 0.06)))
    )
    (pad 2 smd roundrect (at 0.9125 0 180) (size 0.975 0.95) (layers F.Cu F.Paste F.Mask) (roundrect_rratio 0.25))
    (pad 1 smd roundrect (at -0.9125 0 180) (size 0.975 0.95) (layers F.Cu F.Paste F.Mask) (roundrect_rratio 0.25)
      (net 4 GND))
    (model ${KISYS3DMOD}/Resistor_SMD.3dshapes/R_0603_1608Metric.wrl
      (at (xyz 0 0 0))
      (scale (xyz 1 1 1))
      (rotate (xyz 0 0 0))
    )
  )

  (module Resistor_SMD:R_0603_1608Metric_Pad0.98x0.95mm_HandSolder (layer F.Cu) (tedit 5F68FEEE) (tstamp 5FADA142)
    (at 125.4525 53.975 180)
    (descr "Resistor SMD 0603 (1608 Metric), square (rectangular) end terminal, IPC_7351 nominal with elongated pad for handsoldering. (Body size source: IPC-SM-782 page 72, https://www.pcb-3d.com/wordpress/wp-content/uploads/ipc-sm-782a_amendment_1_and_2.pdf), generated with kicad-footprint-generator")
    (tags "resistor handsolder")
    (path /5FB26FE3)
    (attr smd)
    (fp_text reference R5 (at 0 -1.43) (layer F.SilkS)
      (effects (font (size 1 1) (thickness 0.15)))
    )
    (fp_text value 720 (at 0 1.43) (layer F.Fab)
      (effects (font (size 1 1) (thickness 0.15)))
    )
    (fp_line (start -0.8 0.4125) (end -0.8 -0.4125) (layer F.Fab) (width 0.1))
    (fp_line (start -0.8 -0.4125) (end 0.8 -0.4125) (layer F.Fab) (width 0.1))
    (fp_line (start 0.8 -0.4125) (end 0.8 0.4125) (layer F.Fab) (width 0.1))
    (fp_line (start 0.8 0.4125) (end -0.8 0.4125) (layer F.Fab) (width 0.1))
    (fp_line (start -0.254724 -0.5225) (end 0.254724 -0.5225) (layer F.SilkS) (width 0.12))
    (fp_line (start -0.254724 0.5225) (end 0.254724 0.5225) (layer F.SilkS) (width 0.12))
    (fp_line (start -1.65 0.73) (end -1.65 -0.73) (layer F.CrtYd) (width 0.05))
    (fp_line (start -1.65 -0.73) (end 1.65 -0.73) (layer F.CrtYd) (width 0.05))
    (fp_line (start 1.65 -0.73) (end 1.65 0.73) (layer F.CrtYd) (width 0.05))
    (fp_line (start 1.65 0.73) (end -1.65 0.73) (layer F.CrtYd) (width 0.05))
    (fp_text user %R (at 0 0) (layer F.Fab)
      (effects (font (size 0.4 0.4) (thickness 0.06)))
    )
    (pad 1 smd roundrect (at -0.9125 0 180) (size 0.975 0.95) (layers F.Cu F.Paste F.Mask) (roundrect_rratio 0.25)
      (net 12 "Net-(R5-Pad1)"))
    (pad 2 smd roundrect (at 0.9125 0 180) (size 0.975 0.95) (layers F.Cu F.Paste F.Mask) (roundrect_rratio 0.25)
      (net 5 VCC))
    (model ${KISYS3DMOD}/Resistor_SMD.3dshapes/R_0603_1608Metric.wrl
      (at (xyz 0 0 0))
      (scale (xyz 1 1 1))
      (rotate (xyz 0 0 0))
    )
  )

  (module Package_SO:TSSOP-20_4.4x6.5mm_P0.65mm (layer F.Cu) (tedit 5E476F32) (tstamp 5FAD9514)
    (at 123.19 48.895 180)
    (descr "TSSOP, 20 Pin (JEDEC MO-153 Var AC https://www.jedec.org/document_search?search_api_views_fulltext=MO-153), generated with kicad-footprint-generator ipc_gullwing_generator.py")
    (tags "TSSOP SO")
    (path /5FAE203E)
    (attr smd)
    (fp_text reference U1 (at 3.4875 4.445) (layer F.SilkS)
      (effects (font (size 1 1) (thickness 0.15)))
    )
    (fp_text value TLC59108xPW (at 0 4.2) (layer F.Fab)
      (effects (font (size 1 1) (thickness 0.15)))
    )
    (fp_line (start 0 3.385) (end 2.2 3.385) (layer F.SilkS) (width 0.12))
    (fp_line (start 0 3.385) (end -2.2 3.385) (layer F.SilkS) (width 0.12))
    (fp_line (start 0 -3.385) (end 2.2 -3.385) (layer F.SilkS) (width 0.12))
    (fp_line (start 0 -3.385) (end -3.6 -3.385) (layer F.SilkS) (width 0.12))
    (fp_line (start -1.2 -3.25) (end 2.2 -3.25) (layer F.Fab) (width 0.1))
    (fp_line (start 2.2 -3.25) (end 2.2 3.25) (layer F.Fab) (width 0.1))
    (fp_line (start 2.2 3.25) (end -2.2 3.25) (layer F.Fab) (width 0.1))
    (fp_line (start -2.2 3.25) (end -2.2 -2.25) (layer F.Fab) (width 0.1))
    (fp_line (start -2.2 -2.25) (end -1.2 -3.25) (layer F.Fab) (width 0.1))
    (fp_line (start -3.85 -3.5) (end -3.85 3.5) (layer F.CrtYd) (width 0.05))
    (fp_line (start -3.85 3.5) (end 3.85 3.5) (layer F.CrtYd) (width 0.05))
    (fp_line (start 3.85 3.5) (end 3.85 -3.5) (layer F.CrtYd) (width 0.05))
    (fp_line (start 3.85 -3.5) (end -3.85 -3.5) (layer F.CrtYd) (width 0.05))
    (fp_text user %R (at 0 0) (layer F.Fab)
      (effects (font (size 1 1) (thickness 0.15)))
    )
    (pad 1 smd roundrect (at -2.8625 -2.925 180) (size 1.475 0.4) (layers F.Cu F.Paste F.Mask) (roundrect_rratio 0.25)
      (net 12 "Net-(R5-Pad1)"))
    (pad 2 smd roundrect (at -2.8625 -2.275 180) (size 1.475 0.4) (layers F.Cu F.Paste F.Mask) (roundrect_rratio 0.25)
      (net 5 VCC))
    (pad 3 smd roundrect (at -2.8625 -1.625 180) (size 1.475 0.4) (layers F.Cu F.Paste F.Mask) (roundrect_rratio 0.25)
      (net 4 GND))
    (pad 4 smd roundrect (at -2.8625 -0.975 180) (size 1.475 0.4) (layers F.Cu F.Paste F.Mask) (roundrect_rratio 0.25)
      (net 4 GND))
    (pad 5 smd roundrect (at -2.8625 -0.325 180) (size 1.475 0.4) (layers F.Cu F.Paste F.Mask) (roundrect_rratio 0.25)
      (net 4 GND))
    (pad 6 smd roundrect (at -2.8625 0.325 180) (size 1.475 0.4) (layers F.Cu F.Paste F.Mask) (roundrect_rratio 0.25)
      (net 11 "Net-(D2-Pad2)"))
    (pad 7 smd roundrect (at -2.8625 0.975 180) (size 1.475 0.4) (layers F.Cu F.Paste F.Mask) (roundrect_rratio 0.25)
      (net 10 "Net-(D2-Pad3)"))
    (pad 8 smd roundrect (at -2.8625 1.625 180) (size 1.475 0.4) (layers F.Cu F.Paste F.Mask) (roundrect_rratio 0.25)
      (net 4 GND))
    (pad 9 smd roundrect (at -2.8625 2.275 180) (size 1.475 0.4) (layers F.Cu F.Paste F.Mask) (roundrect_rratio 0.25)
      (net 9 "Net-(D2-Pad4)"))
    (pad 10 smd roundrect (at -2.8625 2.925 180) (size 1.475 0.4) (layers F.Cu F.Paste F.Mask) (roundrect_rratio 0.25)
      (net 6 "Net-(D1-Pad2)"))
    (pad 11 smd roundrect (at 2.8625 2.925 180) (size 1.475 0.4) (layers F.Cu F.Paste F.Mask) (roundrect_rratio 0.25)
      (net 7 "Net-(D1-Pad3)"))
    (pad 12 smd roundrect (at 2.8625 2.275 180) (size 1.475 0.4) (layers F.Cu F.Paste F.Mask) (roundrect_rratio 0.25)
      (net 8 "Net-(D1-Pad4)"))
    (pad 13 smd roundrect (at 2.8625 1.625 180) (size 1.475 0.4) (layers F.Cu F.Paste F.Mask) (roundrect_rratio 0.25)
      (net 4 GND))
    (pad 14 smd roundrect (at 2.8625 0.975 180) (size 1.475 0.4) (layers F.Cu F.Paste F.Mask) (roundrect_rratio 0.25))
    (pad 15 smd roundrect (at 2.8625 0.325 180) (size 1.475 0.4) (layers F.Cu F.Paste F.Mask) (roundrect_rratio 0.25))
    (pad 16 smd roundrect (at 2.8625 -0.325 180) (size 1.475 0.4) (layers F.Cu F.Paste F.Mask) (roundrect_rratio 0.25)
      (net 4 GND))
    (pad 17 smd roundrect (at 2.8625 -0.975 180) (size 1.475 0.4) (layers F.Cu F.Paste F.Mask) (roundrect_rratio 0.25)
      (net 5 VCC))
    (pad 18 smd roundrect (at 2.8625 -1.625 180) (size 1.475 0.4) (layers F.Cu F.Paste F.Mask) (roundrect_rratio 0.25)
      (net 13 SCL))
    (pad 19 smd roundrect (at 2.8625 -2.275 180) (size 1.475 0.4) (layers F.Cu F.Paste F.Mask) (roundrect_rratio 0.25)
      (net 14 SDA))
    (pad 20 smd roundrect (at 2.8625 -2.925 180) (size 1.475 0.4) (layers F.Cu F.Paste F.Mask) (roundrect_rratio 0.25)
      (net 5 VCC))
    (model ${KISYS3DMOD}/Package_SO.3dshapes/TSSOP-20_4.4x6.5mm_P0.65mm.wrl
      (at (xyz 0 0 0))
      (scale (xyz 1 1 1))
      (rotate (xyz 0 0 0))
    )
  )

  (module Capacitor_SMD:C_0603_1608Metric_Pad1.08x0.95mm_HandSolder (layer F.Cu) (tedit 5F68FEEF) (tstamp 5FADB4D1)
    (at 161.5175 53.975 180)
    (descr "Capacitor SMD 0603 (1608 Metric), square (rectangular) end terminal, IPC_7351 nominal with elongated pad for handsoldering. (Body size source: IPC-SM-782 page 76, https://www.pcb-3d.com/wordpress/wp-content/uploads/ipc-sm-782a_amendment_1_and_2.pdf), generated with kicad-footprint-generator")
    (tags "capacitor handsolder")
    (path /5FBB8133)
    (attr smd)
    (fp_text reference C2 (at 0 -1.43) (layer F.SilkS)
      (effects (font (size 1 1) (thickness 0.15)))
    )
    (fp_text value 100n (at 0 1.43) (layer F.Fab)
      (effects (font (size 1 1) (thickness 0.15)))
    )
    (fp_line (start -0.8 0.4) (end -0.8 -0.4) (layer F.Fab) (width 0.1))
    (fp_line (start -0.8 -0.4) (end 0.8 -0.4) (layer F.Fab) (width 0.1))
    (fp_line (start 0.8 -0.4) (end 0.8 0.4) (layer F.Fab) (width 0.1))
    (fp_line (start 0.8 0.4) (end -0.8 0.4) (layer F.Fab) (width 0.1))
    (fp_line (start -0.146267 -0.51) (end 0.146267 -0.51) (layer F.SilkS) (width 0.12))
    (fp_line (start -0.146267 0.51) (end 0.146267 0.51) (layer F.SilkS) (width 0.12))
    (fp_line (start -1.65 0.73) (end -1.65 -0.73) (layer F.CrtYd) (width 0.05))
    (fp_line (start -1.65 -0.73) (end 1.65 -0.73) (layer F.CrtYd) (width 0.05))
    (fp_line (start 1.65 -0.73) (end 1.65 0.73) (layer F.CrtYd) (width 0.05))
    (fp_line (start 1.65 0.73) (end -1.65 0.73) (layer F.CrtYd) (width 0.05))
    (fp_text user %R (at 0 0) (layer F.Fab)
      (effects (font (size 0.4 0.4) (thickness 0.06)))
    )
    (pad 1 smd roundrect (at -0.8625 0 180) (size 1.075 0.95) (layers F.Cu F.Paste F.Mask) (roundrect_rratio 0.25)
      (net 5 VCC))
    (pad 2 smd roundrect (at 0.8625 0 180) (size 1.075 0.95) (layers F.Cu F.Paste F.Mask) (roundrect_rratio 0.25)
      (net 4 GND))
